Code    Gross    OT    OthEarn  Night   PF    ESI  PT  TDS  OthDed  LOM    Net    Earn   Ded
----   ------  ----  -------  -----  ----  ----  --  ---  ------  ----  -----  -----  ---
RC027     9274   774     774     0  1113    0  0   0    441   256   8494  10048   1554
RC028    16935  1043    2243  1200  1800    0  0   0   1336   997  16042  19178   3136
RC029     2823    38     338   300   339    0  0   0    102    46   2720   3161    441
RC030    15323   817    2317  1500  1800    0  0   0   1637  1331  14203  17640   3437
RC031    18952  2024    3524  1500  1800    0  0   0   1230   851  19446  22476   3030
RC032    10887  1172    2072   900  1306    0  0   0    887   669  10766  12959   2193
RC033    12903   819    1719   900  1548    0  0   0   1676  1418  11398  14622   3224
RC034    20161  2180    3680  1500  1800    0  0   0    895   492  21146  23841   2695
RC035    17339  1154    2654  1500  1800    0  0   0   1151   804  17042  19993   2951
RC036    13306   649     949   300  1597    0  0   0    855   589  11803  14255   2452
RC037    18952  1532    3032  1500  1800    0  0   0   1105   726  19079  21984   2905
RC114    15323  1746    1746     0  1800    0  0   0   1046   740  14223  17069   2846
----   ------  ----  -------  -----  ----  ----  --  ---  ------  ----  -----  -----  ---
TOTAL  172178         25048       18503    0  0   0  12361  8919 166362 197226  30864

Total Earnings  = 197226
Total Deductions = 30864
Total Net Payable = 166362
Reconcile: 197226 - 30864 = 166362 (should equal 166362)
