Code    Gross    OT    OthEarn  Night   PF    ESI  PT  TDS  OthDed  LOM    Net    Earn   Ded
----   ------  ----  -------  -----  ----  ----  --  ---  ------  ----  -----  -----  ---
RC027     9274  1031    1031     0  1113    0  0   0    411   226   8781  10305   1524
RC028    16935  1933    3133  1200  1800    0  0   0   1221   882  17047  20068   3021
RC029     2823    48     348   300   339    0  0   0    106    50   2726   3171    445
RC030    15323  1648    3148  1500  1800    0  0   0   1532  1226  15139  18471   3332
RC031    18952  4509    6009  1500  1800    0  0   0    897   518  22264  24961   2697
RC032    10887   544    1444   900  1306    0  0   0    807   589  10218  12331   2113
RC033    12903   869    1769   900  1548    0  0   0   1631  1373  11493  14672   3179
RC034    20161  3881    5381  1500  1800    0  0   0    688   285  23054  25542   2488
RC035    17339  2107    3607  1500  1800    0  0   0    919   572  18227  20946   2719
RC036    13306  1439    1739   300  1597    0  0   0    723   457  12725  15045   2320
RC037    18952  2442    3942  1500  1800    0  0   0    778   399  20316  22894   2578
RC114    15323   688     688     0  1800    0  0   0   1069   763  13142  16011   2869
----   ------  ----  -------  -----  ----  ----  --  ---  ------  ----  -----  -----  ---
TOTAL  172178         32239       18503    0  0   0  10782  7340 175132 204417  29285

Total Earnings  = 204417
Total Deductions = 29285
Total Net Payable = 175132
Reconcile: 204417 - 29285 = 175132 (should equal 175132)
