Code    Gross    OT    OthEarn  Night   PF    ESI  PT  TDS  OthDed  LOM    Net    Earn   Ded
----   ------  ----  -------  -----  ----  ----  --  ---  ------  ----  -----  -----  ---
RC027     9274  1230    1230     0  1113    0  0   0    411   226   8980  10504   1524
RC028    16935  1933    3133  1200  1800    0  0   0   1308   969  16960  20068   3108
RC029     2823    48     348   300   339    0  0   0    109    53   2723   3171    448
RC030    15323  1724    3224  1500  1800    0  0   0   1606  1300  15141  18547   3406
RC031    18952  4509    6009  1500  1800    0  0   0    970   591  22191  24961   2770
RC032    10887   630    1530   900  1306    0  0   0    838   620  10273  12417   2144
RC033    12903   869    1769   900  1548    0  0   0   1687  1429  11437  14672   3235
RC034    20161  3881    5381  1500  1800    0  0   0    782   379  22960  25542   2582
RC035    17339  2278    3778  1500  1800    0  0   0    994   647  18323  21117   2794
RC036    13306  1439    1739   300  1597    0  0   0    770   504  12678  15045   2367
RC037    18952  2465    3965  1500  1800    0  0   0    830   451  20287  22917   2630
RC114    15323  1268    1268     0  1800    0  0   0   1069   763  13722  16591   2869
----   ------  ----  -------  -----  ----  ----  --  ---  ------  ----  -----  -----  ---
TOTAL  172178         33374       18503    0  0   0  11374  7932 175675 205552  29877

Total Earnings  = 205552
Total Deductions = 29877
Total Net Payable = 175675
Reconcile: 205552 - 29877 = 175675 (should equal 175675)
