Code    Gross    OT    OthEarn  Night   PF    ESI  PT  TDS  OthDed  LOM    Net    Earn   Ded
----   ------  ----  -------  -----  ----  ----  --  ---  ------  ----  -----  -----  ---
RC027     9274   199     199     0  1113    0  0   0    411   226   7949   9473   1524
RC028    16935   939    2139  1200  1800    0  0   0   1308   969  15966  19074   3108
RC029     2823   224     524   300   339    0  0   0    109    53   2899   3347    448
RC030    15323   741    2241  1500  1800    0  0   0   1606  1300  14158  17564   3406
RC031    18952   600    2100  1500  1800    0  0   0    970   591  18282  21052   2770
RC032    10887   192    1092   900  1306    0  0   0    838   620   9835  11979   2144
RC033    12903   423    1323   900  1548    0  0   0   1687  1429  10991  14226   3235
RC034    20161   689    2189  1500  1800    0  0   0    782   379  19768  22350   2582
RC035    17339   776    2276  1500  1800    0  0   0    994   647  16821  19615   2794
RC036    13306   820    1120   300  1597    0  0   0    770   504  12059  14426   2367
RC037    18952    25    1525  1500  1800    0  0   0    830   451  17847  20477   2630
RC114    15323  1159    1159     0  1800    0  0   0   1069   763  13613  16482   2869
----   ------  ----  -------  -----  ----  ----  --  ---  ------  ----  -----  -----  ---
TOTAL  172178         17887       18503    0  0   0  11374  7932 160188 190065  29877

Total Earnings  = 190065
Total Deductions = 29877
Total Net Payable = 160188
Reconcile: 190065 - 29877 = 160188 (should equal 160188)
