Code    Gross    OT    OthEarn  Night   PF    ESI  PT  TDS  OthDed  LOM    Net    Earn   Ded
----   ------  ----  -------  -----  ----  ----  --  ---  ------  ----  -----  -----  ---
RC027     9274   895     895     0  1113    0  0   0    479   294   8577  10169   1592
RC028    16935  1255    2455  1200  1800    0  0   0   1465  1126  16125  19390   3265
RC029     2823    38     338   300   339    0  0   0    102    46   2720   3161    441
RC030    15323   925    2425  1500  1800    0  0   0   1690  1384  14258  17748   3490
RC031    18952  2566    4066  1500  1800    0  0   0   1558  1179  19660  23018   3358
RC032    10887  1172    2072   900  1306    0  0   0    887   669  10766  12959   2193
RC033    12903  1169    2069   900  1548    0  0   0   1782  1524  11642  14972   3330
RC034    20161  2450    3950  1500  1800    0  0   0   1117   714  21194  24111   2917
RC035    17339  1489    2989  1500  1800    0  0   0   1397  1050  17131  20328   3197
RC036    13306   760    1060   300  1597    0  0   0    938   672  11831  14366   2535
RC037    18952  2061    3561  1500  1800    0  0   0   1393  1014  19320  22513   3193
RC114    15323  1898    1898     0  1800    0  0   0   1108   802  14313  17221   2908
----   ------  ----  -------  -----  ----  ----  --  ---  ------  ----  -----  -----  ---
TOTAL  172178         27778       18503    0  0   0  13916 10474 167537 199956  32419

Total Earnings  = 199956
Total Deductions = 32419
Total Net Payable = 167537
Reconcile: 199956 - 32419 = 167537 (should equal 167537)
